10161283
10143315
10161401
13707475
10026712
13847762
10026712
11074537
10028714
10121169
11146098
11129897
11077020
12256044
11129644
12672281
10025457
11141107
12545853
13292073
13530519
10143404
11559527
10031146
10031821
10028714
13628945
10026916
10121169
10028714
15003883
15421755
14504755
13159533
17475395
17118990
16575789
17489666
16862027
16862187
14490790
15179223
15462214
16506730
16458420
16578711
14702953
16574785
16574928
14818574
16574934
14934096
16862018
16786328
17406590
17487475
14819090
16575538
13652003
16179145
12278703
10147295
10025379
10026820
10029139
13246590
17549742
10161417
10025502
10028269
10024106
17573493
10025502
12720395
10027764
12278703
10027621
11260043
10028269
10025378
10029139
10026792
17549742
10029152
10025120
10029139
12370946
12317229
11333962
10162312
15778799
12370946
17549742
17549742
17549742
10161582
10025585
11333962
11733266
10027704
10027764
13436392
11253606
17549742
17549742
17549742
17549742
17549742
10025381
10161582
12153132
13873328
10161582
15699815
10027704
10926551
13754965
17549742
17549742
17363386
17140714
17141860
17180978
18389903
16577272
17795496
17566922
18320170
14172335
15457914
17328800
17569695
17567177
14756835
17111029
14745747
17609135
16280685
17760357
18310098
18272181
16224846
17890796
17836284
16281112
16145182
15453051
17633451
17830869
18370767
17654983
16144760
15458547
16132289
17759986
14708285
17505380
17567249
18196693
16875032
18440827
18259804
17568929
18408829
16893667
17565690
17516957
16379272
18255996
18398011
18122503
15046708
15051580
18252115
17589693
16357305
17460165
18356453
17727180
18269199
18418087
16368820
17955302
18237644
17566727
13819631
17311651
18336869
17557688
16033054
17257426
18054622
18432810
17614217
17513534
17131914
17565691
17516073
18075482
17140401
16132116
16132121
17518105
17554606
16144854
17751730
17876851
18274817
18269352
18027304
14806542
17489030
17975598
17472253
17363203
17311979
15043732
17931833
17607553
17462021
17571073
18228341
14164793
18142121
18438597
17555658
17581548
17589525
18363688
18435535
17178281
14172335
18336457
17691463
18355916
16397902
17705418
17981018
17314374
18400546
17725440
16387796
17760356
16252641
16577270
17363494
17582144
17579130
17460854
17595854
17933498
15533438
17993025
17609135
17462262
14940731
18031464
14693060
14623703
17863903
14550911
17539066
16033163
18173195
16226999
18222467
18313905
13609860
17558200
17566617
17558001
16309238
17662092
17565485
17706158
17973406
17571248
17461001
13302093
17462200
13959176
17569995
18179928
18438476
17549741
17945029
17248976
16261142
16167018
17595672
17207309
17016559
17931836
17139641
17311744
18175557
18320170
16087501
16429137
18226052
17311890
16379372
13652957
18288761
18394923
18416293
15448984
17589625
18363326
17566825
17567012
17111029
17856114
17883611
17567198
17795496
18262488
17363382
17141860
17566360
17565486
17565279
17563272
17566934
17567177
17567182
17567198
17614212
17567498
17569017
17570588
18443808
17331769
17405862
18180037
16280441
15146930
18180030
16371357
17787488
17976328
16225120
14146594
17834177
17791657
18416607
16226999
18295637
14210562
18179933
17829215
15544854
17756019
17849975
17329899
16032792
17566691
17111029
18179930
17566613
14939050
18262935
18218363
18262980
18043239
18260141
15070439
18228499
16343163
18432743
18443923
18152806
17551776
18261982
17900214
17609921
18263923
18139187
14930964
18138864
17569842
15062667
15064513
17313691
18014475
17598643
17964389
15093570
14746349
17936549
17593356
18072926
18277793
18105868
17595673
17535039
16245781
16542629
17562984
18429716
18433362
18438383
17558203
16277364
17620695
16291472
18220861
16446707
16280714
18335720
18271752
18135374
18364035
18383022
17396389
14930963
18060063
18270081
17479736
18433132
17202866
15029305
18141149
17863291
16144878
16122996
14865515
18194640
17569991
17016559
18394925
13159533
18032249
17953141
17458621
15170264
17568932
12928277
16033464
18158996
17266728
13967107
18404966
17196281
16247666
17987322
17329456
15493076
15493017
17755405
18264410
18094292
18087853
16419065
18205085
17969069
17461195
17992155
18337671
17570925
17969591
16604805
17570172
18266683
17460693
17565578
17555545
17566747
17821964
13432576
16224355
17312015
14164793
17555860
16272251
18106280
16280685
17335555
17567093
17524679
15449584
17524132
18388485
18256807
14657988
18027438
17016408
16291255
18191757
18019137
14398897
18255521
17516957
14210561
14067330
18154015
18290615
17638237
17331216
16081205
15239034
18355198
15859128
17700872
17593994
14065605
15448935
15452872
18432793
17549723
17344893
17344892
15457800
17607248
17654983
13162913
17270909
16280446
18034223
16033438
15180454
16280228
18392869
16272254
18441555
17785247
15036954
18441619
17555547
17551125
15726263
17311894
13602080
18189382
16388281
17362493
18087743
18060064
16513016
17955302
14887760
17460984
18263135
17016415
17730308
16281685
16302459
17686163
16577155
16760722
17676763
17820921
17665192
17555660
17460978
18391285
14865515
17614827
17555546
17257426
17608777
18050844
15445050
17363204
17595670
15545412
15544854
18385866
17569898
17681875
18034221
18111366
17924675
18187303
18284579
17741297
17835601
17566692
18414831
17654336
17816242
17649665
15295114
15448857
17363442
17363579
14210821
16281174
17436036
17457649
17257425
16280228
17474115
13301668
17480964
17490566
14935342
16261910
16869488
14836880
14723761
16395719
16252638
16177115
18432615
16391497
15909711
14178217
17564404
17564405
13303197
18319777
18351576
17615589
17589619
17328978
18320170
18252115
18179930
15477836
17609130
18046991
17570588
17570321
15229951
17600666
17876938
17328800
17569695
12866009
17557580
14689760
17902148
17566939
17567012
17140268
17567291
17141213
17803127
17654334
18055642
17568932
18012828
18081745
18013382
16033054
18043939
15067273
14865515
17311980
17922804
17607638
17338267
18242261
15761001
17598197
17598642
18384329
17569305
18264410
17462306
16597152
18264580
14572154
17256924
13994345
18428819
18006404
13239005
17457921
17562779
18143812
17849975
18362828
14000482
15457910
17607380
17256920
17256922
15830983
16032582
16032398
17936548
18336873
17559785
17559415
17558549
17557929
17968864
17557688
17588217
16256266
16122136
18435725
14745726
17975236
18183790
17462021
17505381
17806546
17654333
18439355
18154133
16263123
14210821
17106047
17516312
18354517
16644901
18336103
15448982
16144955
17257052
17614824
16504010
17329129
15211414
17884842
17612675
16690830
14504600
17553707
17655962
15628648
18261526
17571814
15485893
17462378
17474308
18059114
17731212
16032582
18311015
16032617
16225037
17562779
18227669
18203676
17566620
17566897
14930964
18003146
17462021
17571071
17461134
17460858
17458002
17454879
18390156
14561563
17968364
18388478
17311958
17311894
18173207
17928661
17645907
17922458
14143928
16894747
17661921
17676760
15950916
16504015
14589267
18219893
12608007
18231953
17777678
18414097
17549741
17470909
18376660
17256920
17637044
16280438
17655639
18354072
16378746
17724733
18411414
15031500
17757263
17569961
17469218
18438723
18238016
18179928
17758793
13145438
17615451
18259804
18232386
15533460
18438386
14742701
16992386
15614835
16032915
14581439
16366308
17890796
18337865
16577034
17569696
16280234
18179937
16021849
18036417
17555659
16225037
16760722
15070439
16252374
17530691
17373084
17458000
17460356
17461186
15036954
18179933
17995192
17849975
18333473
18111765
18235248
17478714
18438651
18065763
18217371
15110078
17342355
18222467
18071586
15448983
17672094
13994270
15546698
18106201
18435870
18183760
16239184
18413905
17485581
17552096
18102459
17557636
14478934
17876850
16032891
17885252
17907830
15713485
18311684
15605610
17922458
17249089
16272251
14338408
17619958
17311743
16145705
16145707
17598152
15198230
17363579
17590842
17373080
17973757
15051580
17468972
14143928
14493403
17477622
17344893
17638876
17654863
15069844
17655284
18351849
18278938
16378906
16366381
18310328
16281474
16280819
17759986
17330564
17565693
17679237
14145407
18133937
17407577
17698960
17876938
17565831
17371482
17458842
17570365
17570303
14949349
17330266
17569693
17567177
17311964
17569105
17513530
17566837
17555659
17565279
15316196
16577272
18111833
18325924
16145707
18428095
17769716
17555731
18205085
17555898
17506929
17312525
13994270
18364778
17109631
18244629
16896182
16480572
17986136
17969049
16144955
18305696
14514693
15493017
18071098
17964389
18263728
18430458
18430800
18255520
18435533
18254722
18382529
17363489
17655285
13426678
16074530
17477078
15062945
17740802
17016408
16917408
17991036
16894225
16630652
17993209
18010971
17736648
14145167
16544461
16195858
16379423
17504990
16373489
17329992
13967107
14540151
17926598
16280234
17569847
18259972
18423884
16900002
18251106
18242257
18179929
16280234
17831985
17901883
18305746
17563271
18420501
17558571
17691607
18429046
15030807
17566691
17661921
17937492
16277364
18386223
16260668
16379125
17589525
17623429
18379881
17571877
17256920
15562194
17328980
18260976
18263921
17330566
17460205
17460556
18444105
18411487
14623701
17654985
13105341
17654337
18367658
18425777
17570172
18338628
17569017
18339392
12937220
18208696
16145701
18147166
16077801
17080923
18097831
17220333
17257052
17271116
17984854
17461186
17945033
17505383
17938940
15215865
15179223
17913606
18432707
15036197
15515264
17566860
17330266
17330178
17330101
14740231
18432892
14210823
17562985
16132125
15030807
16281174
18223077
18199392
18231079
17661673
17655278
17558200
17557807
17555759
18435893
17501699
17964191
13967107
15446357
18443875
17565689
16280654
18212362
17586653
17328982
14210820
18082706
18197773
16869657
18180010
16691229
17311741
18025536
17363384
18199392
15453048
16280500
16280228
17968644
17109630
18103297
18247403
16570495
18279431
18386278
17598965
18429045
17912795
17566701
18378798
18379080
14756036
18423466
18400101
15058928
17563209
12938241
17599030
17457924
17457741
17457648
17983129
17628797
14865764
18337435
16123154
18010155
18020891
17313342
12936692
17661922
15831078
17697084
17555667
18435871
17937218
17555666
17555538
15235971
15067379
17831525
16378930
18316165
15031945
17573497
17868586
16378906
17593356
11965664
17555699
14210562
18276287
17986518
18251327
17661217
16691084
16542632
16502879
15624114
15624065
11358637
14688541
16378822
16252641
17725440
17460862
17750821
17829371
15296972
17949171
17575661
17940469
15058928
17558535
16280440
17913983
15066832
15030504
17406847
16033051
17406591
17654983
16132112
18264036
14949349
17363383
18122505
17667028
17110968
15448984
16145342
16132121
15549801
14559070
15640606
17593353
18411711
18421988
17661217
17557580
18215096
17661677
17550721
17504231
17682276
17457651
18225782
17313694
17311984
17252348
17740517
18068991
16281766
16901488
17913983
18100497
16578084
17982461
17993013
18001942
16577155
17576867
17571068
18386274
18429560
18429717
18432223
17559414
17555666
17461007
18336467
17283024
17760355
17742799
18046988
13990399
17838964
17598150
17635709
18188821
16145399
16577156
17220527
17227537
16272514
15794375
16280439
17406847
18431460
17565285
18428934
18428933
17566384
17997153
17569907
17566784
18264586
16630653
16513016
16786383
17910720
17071416
17191045
17566701
18427133
15544690
15296972
15231896
15191610
15064513
18255523
18125138
18179928
18179933
18236796
18259972
18268276
18281764
18310365
17705422
16506730
18354142
18354230
17661212
18386970
14164793
17567593
18430802
18435868
17457649
17395029
10018311
10018378
10308002
